G5 Output
4447744
44447744
444447744
4444447744
7444447744
44444447744
47444447744
74444447744
77444447744
444444447744
447444447744
474444447744
477444447744
744444447744
747444447744
774444447744
777444447744
44444444447744
44447444447744
44474444447744
44477444447744
44744444447744
44747444447744
44774444447744
44777444447744
47444444447744
47447444447744
47474444447744
47477444447744
47744444447744
47747444447744
47774444447744
47777444447744
74444444447744
74447444447744
74474444447744
74477444447744
74744444447744
74747444447744
74774444447744
74777444447744
77444444447744
77447444447744
77474444447744
77477444447744
77744444447744
77747444447744
77774444447744
77777444447744
444444444447744
444447444447744
444474444447744
444477444447744
444744444447744
444747444447744
444774444447744
444777444447744
447444444447744
447447444447744
447474444447744
447477444447744
447744444447744
447747444447744
447774444447744
447777444447744
474444444447744
474447444447744
474474444447744
474477444447744
474744444447744
474747444447744
474774444447744
474777444447744
477444444447744
477447444447744
477474444447744
477477444447744
477744444447744
477747444447744
477774444447744
477777444447744
744444444447744
744447444447744
744474444447744
744477444447744
744744444447744
744747444447744
744774444447744
744777444447744
747444444447744
747447444447744
747474444447744
747477444447744
747744444447744
747747444447744
747774444447744
747777444447744
774444444447744
774447444447744
774474444447744
774477444447744
774744444447744
774747444447744
774774444447744
774777444447744
777444444447744
777447444447744
777474444447744
777477444447744
777744444447744
777747444447744
777774444447744
777777444447744